lenght_cable_ch1 = 42.000000 m
lenght_cable_ch1_uncertainty = 4.200000 m
lenght_cable_ch2 = 4200.000000 m
lenght_cable_ch2_uncertainty = 420.000000 m
time_separation = 4200.000000 ns
time_separation_uncertainty = 4200.000000 ns
signal_speed = 42.000000 m/ns
signal_speed_uncertainty = 4.200000 m/ns
