lenght_cable_ch1 = 105.500000 cm
lenght_cable_ch1_uncertainty = 0.200000 cm
lenght_cable_ch2 = 294.600000 cm
lenght_cable_ch2_uncertainty = 0.200000 cm
time_separation = 9525341357.685213 s
time_separation_uncertainty = 193466388.375333 s
signal_speed = 198523069.041962 m/s
signal_speed_uncertainty = 4043062.093445 m/s
